ime,pozicija,starost,ekipa,odigrane,zacete,minute,rebounds,asistence,steals,blokade,turnovers,tocke
"
    ",C,22,TOR,73,28,23.6,6.5,1.1,0.5,0.6,1.2,9.1
Steven Adams,C,28,MEM,76,75,26.3,10.0,3.4,0.9,0.8,1.5,6.9
Bam Adebayo,C,24,MIA,56,56,32.6,10.1,3.4,1.4,0.8,2.6,19.1
Santi Aldama,PF,21,MEM,32,0,11.3,2.7,0.7,0.2,0.3,0.5,4.1
LaMarcus Aldridge,C,36,BRK,47,12,22.3,5.5,0.9,0.3,1.0,0.9,12.9
Nickeil Alexander-Walker,SG,23,NOP,50,19,26.3,3.3,2.8,0.8,0.4,1.7,12.8
Nickeil Alexander-Walker,SG,23,UTA,15,2,9.9,1.5,1.1,0.3,0.3,0.5,3.5
Grayson Allen,SG,26,MIL,66,61,27.3,3.4,1.5,0.7,0.3,0.7,11.1
Jarrett Allen,C,23,CLE,56,56,32.3,10.8,1.6,0.8,1.3,1.7,16.1
Jose Alvarado,PG,23,NOP,54,1,15.4,1.9,2.8,1.3,0.1,0.7,6.1
Justin Anderson,SF,28,CLE,3,0,15.7,2.0,2.0,0.3,0.0,0.7,4.3
Justin Anderson,SF,28,IND,13,6,20.7,3.1,2.1,0.5,0.5,0.5,6.8
Kyle Anderson,PF,28,MEM,69,11,21.5,5.3,2.7,1.1,0.7,1.0,7.6
Giannis Antetokounmpo,PF,27,MIL,67,67,32.9,11.6,5.8,1.1,1.4,3.3,29.9
Thanasis Antetokounmpo,SF,29,MIL,48,6,9.9,2.1,0.5,0.3,0.3,0.5,3.6
Carmelo Anthony,PF,37,LAL,69,3,26.0,4.2,1.0,0.7,0.8,0.9,13.3
Cole Anthony,PG,21,ORL,65,65,31.7,5.4,5.7,0.7,0.3,2.6,16.3
OG Anunoby,SF,24,TOR,48,48,36.0,5.5,2.6,1.5,0.5,1.7,17.1
Ryan Arcidiacono,PG,27,NYK,10,0,7.6,0.8,0.4,0.1,0.0,0.3,1.6
Trevor Ariza,SF,36,LAL,24,11,19.3,3.4,1.1,0.5,0.3,0.5,4.0
D.J. Augustin,PG,34,HOU,34,2,15.0,1.2,2.2,0.3,0.0,1.3,5.4
D.J. Augustin,PG,34,LAL,21,0,17.8,1.3,1.6,0.3,0.0,0.5,5.3
Deni Avdija,SF,21,WAS,82,8,24.2,5.2,2.0,0.7,0.5,1.1,8.4
Joel Ayayi,SG,21,WAS,7,0,2.9,0.4,0.6,0.0,0.0,0.0,0.3
Deandre Ayton,C,23,PHO,58,58,29.5,10.2,1.4,0.7,0.7,1.6,17.2
Udoka Azubuike,C,22,UTA,17,6,11.5,4.2,0.0,0.1,0.6,0.7,4.7
Marvin Bagley III,PF,22,SAC,30,17,21.9,7.2,0.6,0.3,0.4,0.7,9.3
Marvin Bagley III,PF,22,DET,18,8,27.2,6.8,1.1,0.7,0.4,1.0,14.6
LaMelo Ball,PG,20,CHO,75,75,32.3,6.7,7.6,1.6,0.4,3.3,20.1
Lonzo Ball,PG,24,CHI,35,35,34.6,5.4,5.1,1.8,0.9,2.3,13.0
Mo Bamba,C,23,ORL,71,69,25.7,8.1,1.2,0.5,1.7,1.1,10.6
Desmond Bane,SG,23,MEM,76,76,29.8,4.4,2.7,1.2,0.4,1.5,18.2
Dalano Banton,PG,22,TOR,64,1,10.9,1.9,1.5,0.4,0.2,0.8,3.2
Cat Barber,PG,27,ATL,3,0,4.3,1.0,1.0,0.0,0.0,0.3,0.0
Harrison Barnes,PF,29,SAC,77,77,33.6,5.6,2.4,0.7,0.2,1.5,16.4
Scottie Barnes,PF,20,TOR,74,74,35.4,7.5,3.5,1.1,0.7,1.8,15.3
RJ Barrett,SF,21,NYK,70,70,34.5,5.8,3.0,0.6,0.2,2.2,20.0
Will Barton,SG,31,DEN,71,71,32.1,4.8,3.9,0.8,0.4,1.8,14.7
Paris Bass,SF,26,PHO,2,0,3.5,2.0,0.0,0.5,0.0,1.0,3.0
Charles Bassey,C,21,PHI,23,0,7.3,2.7,0.3,0.2,0.7,0.3,3.0
Keita Bates-Diop,SF,26,SAS,59,14,16.2,3.9,0.7,0.5,0.2,0.8,5.7
Nicolas Batum,PF,33,LAC,59,54,24.8,4.3,1.7,1.0,0.7,0.7,8.3
Kent Bazemore,SF,32,LAL,39,14,14.0,1.8,0.9,0.6,0.2,0.5,3.4
Darius Bazley,PF,21,OKC,69,53,27.9,6.3,1.4,0.8,1.0,1.3,10.8
Bradley Beal,SG,28,WAS,40,40,36.0,4.7,6.6,0.9,0.4,3.4,23.2
Malik Beasley,SG,25,MIN,79,18,25.0,2.9,1.5,0.5,0.2,0.5,12.1
Jordan Bell,C,27,CHI,1,0,2.0,1.0,0.0,1.0,0.0,0.0,0.0
DeAndre' Bembry,SF,27,BRK,48,20,19.8,3.2,1.3,1.0,0.5,0.6,5.8
DeAndre' Bembry,SF,27,MIL,8,0,9.6,1.4,0.8,0.3,0.0,0.1,0.8
Dāvis Bertāns,PF,29,WAS,34,0,14.7,1.8,0.5,0.3,0.2,0.4,5.7
Dāvis Bertāns,PF,29,DAL,22,0,13.9,2.5,0.7,0.3,0.3,0.2,5.3
Patrick Beverley,PG,33,MIN,58,54,25.4,4.1,4.6,1.2,0.9,1.3,9.2
Saddiq Bey,SF,22,DET,82,82,33.0,5.4,2.8,0.9,0.2,1.2,16.1
Khem Birch,C,29,TOR,55,28,18.0,4.3,1.0,0.5,0.5,0.5,4.5
Goga Bitadze,C,22,IND,50,16,14.6,3.5,1.1,0.4,0.8,0.9,7.0
Bismack Biyombo,C,29,PHO,36,3,14.1,4.6,0.6,0.3,0.7,0.7,5.8
Nemanja Bjelica,C,33,GSW,71,0,16.1,4.1,2.2,0.6,0.4,1.2,6.1
Eric Bledsoe,PG,32,LAC,54,29,25.2,3.4,4.2,1.3,0.4,2.1,9.9
Keljin Blevins,SF,26,POR,31,1,11.3,1.5,0.6,0.4,0.0,0.5,3.1
Bogdan Bogdanović,SG,29,ATL,63,27,29.3,4.0,3.1,1.1,0.2,1.1,15.1
Bojan Bogdanović,PF,32,UTA,69,69,30.9,4.3,1.7,0.5,0.0,1.7,18.1
Bol Bol,PF,22,DEN,14,0,5.8,1.4,0.4,0.1,0.1,0.3,2.4
Leandro Bolmaro,SF,21,MIN,35,2,6.9,1.2,0.6,0.2,0.0,0.4,1.4
Isaac Bonga,SF,22,TOR,15,0,4.6,0.5,0.3,0.5,0.1,0.1,0.8
Devin Booker,SG,25,PHO,68,68,34.5,5.0,4.8,1.1,0.4,2.4,26.8
Brandon Boston Jr.,SG,20,LAC,51,0,14.9,2.2,1.0,0.5,0.3,0.6,6.7
Chris Boucher,SF,29,TOR,80,9,21.1,6.2,0.3,0.6,0.9,0.5,9.4
James Bouknight,SG,21,CHO,31,0,9.8,1.7,0.8,0.2,0.0,0.5,4.6
Avery Bradley,SG,31,LAL,62,45,22.7,2.2,0.8,0.9,0.1,0.6,6.4
Tony Bradley,C,24,CHI,55,7,10.0,3.4,0.5,0.2,0.6,0.6,3.0
Ignas Brazdeikis,SF,23,ORL,42,1,12.8,1.7,0.9,0.2,0.1,0.4,5.0
Mikal Bridges,SF,25,PHO,82,82,34.8,4.2,2.3,1.2,0.4,0.8,14.2
Miles Bridges,PF,23,CHO,80,80,35.5,7.0,3.8,0.9,0.8,1.9,20.2
Oshae Brissett,SF,23,IND,67,25,23.3,5.3,1.1,0.7,0.4,0.8,9.1
Malcolm Brogdon,PG,29,IND,36,36,33.5,5.1,5.9,0.8,0.4,2.1,19.1
Armoni Brooks,SG-PG,23,HOU,41,8,16.8,2.0,1.2,0.5,0.2,0.6,6.2
Armoni Brooks,PG,23,TOR,13,3,11.8,1.7,1.0,0.5,0.2,0.3,2.6
Dillon Brooks,SF,26,MEM,32,31,27.7,3.2,2.8,1.1,0.3,1.6,18.4
Bruce Brown,SF,25,BRK,72,45,24.6,4.8,2.1,1.1,0.7,0.8,9.0
Charlie Brown Jr.,SG,24,DAL,3,0,5.0,0.3,0.3,0.7,0.3,0.0,0.7
Charlie Brown Jr.,SG,24,PHI,19,2,8.5,1.6,0.3,0.4,0.2,0.3,1.5
Chaundee Brown Jr.,SG-SF,23,LAL,2,0,10.5,1.0,0.0,0.0,0.0,0.5,1.0
Chaundee Brown Jr.,SG,23,ATL,3,2,27.7,4.7,1.3,0.7,0.0,0.0,9.7
Greg Brown III,SF,20,POR,48,6,13.3,2.8,0.7,0.5,0.5,0.8,4.7
Jaylen Brown,SF,25,BOS,66,66,33.6,6.1,3.5,1.1,0.3,2.7,23.6
Moses Brown,C,22,DAL,26,1,6.5,2.3,0.0,0.1,0.3,0.5,3.1
Moses Brown,C,22,CLE,14,5,12.6,5.3,0.0,0.3,0.5,0.4,6.4
Sterling Brown,SG,26,DAL,49,3,12.8,3.0,0.7,0.3,0.1,0.5,3.3
Troy Brown Jr.,SF,22,CHI,66,7,16.0,3.1,1.0,0.5,0.1,0.4,4.3
Jalen Brunson,SG,25,DAL,79,61,31.9,3.9,4.8,0.8,0.0,1.6,16.3
Thomas Bryant,C,24,WAS,27,9,16.3,4.0,0.9,0.2,0.8,0.7,7.4
Shaq Buchanan,SG,25,MEM,2,0,5.0,1.0,1.0,0.5,0.0,1.0,1.0
Reggie Bullock,SF,30,DAL,68,37,28.0,3.5,1.2,0.6,0.2,0.6,8.6
Trey Burke,PG,29,DAL,42,0,10.5,0.8,1.4,0.3,0.0,0.6,5.1
Alec Burks,SG,30,NYK,81,44,28.6,4.9,3.0,1.0,0.3,1.1,11.7
Jared Butler,SG,21,UTA,42,1,8.6,1.1,1.5,0.4,0.2,0.8,3.8
Jimmy Butler,SF,32,MIA,57,57,33.9,5.9,5.5,1.6,0.5,2.1,21.4
Devontae Cacok,PF,25,SAS,15,0,8.1,2.8,0.4,0.5,0.5,0.2,3.1
Kentavious Caldwell-Pope,SG,28,WAS,77,77,30.2,3.4,1.9,1.1,0.3,1.3,13.2
Facundo Campazzo,PG,30,DEN,65,4,18.2,1.8,3.4,1.0,0.4,1.0,5.1
Vlatko Čančar,PF,24,DEN,15,1,11.7,2.1,1.1,0.1,0.2,0.6,4.1
Devin Cannady,PG,25,ORL,5,0,29.0,1.2,2.0,1.0,0.6,1.0,10.0
Clint Capela,C,27,ATL,74,73,27.6,11.9,1.2,0.7,1.3,0.6,11.1
Vernon Carey Jr.,C,20,CHO,4,1,4.3,1.3,0.0,0.3,0.0,0.3,2.0
Vernon Carey Jr.,C,20,WAS,3,0,9.0,2.3,0.0,0.3,0.3,0.7,4.0
Jevon Carter,PG,26,BRK,46,1,12.0,1.5,1.0,0.3,0.2,0.6,3.6
Jevon Carter,PG,26,MIL,20,2,17.7,2.2,2.5,0.5,0.2,0.4,5.6
Wendell Carter Jr.,PF,22,ORL,62,61,29.9,10.5,2.8,0.6,0.7,1.9,15.0
Alex Caruso,SG,27,CHI,41,18,28.0,3.6,4.0,1.7,0.4,1.4,7.4
Willie Cauley-Stein,C,28,DAL,18,2,9.8,2.1,0.5,0.3,0.2,0.4,1.9
Willie Cauley-Stein,C,28,PHI,2,0,3.0,1.0,0.5,0.0,0.0,0.0,0.0
Ahmad Caver,SG,25,IND,1,0,1.0,0.0,0.0,0.0,0.0,0.0,2.0
Justin Champagnie,SF,20,TOR,36,0,7.8,2.0,0.3,0.2,0.1,0.2,2.3
Zylan Cheatham,SF,26,UTA,1,0,5.0,0.0,0.0,0.0,0.0,0.0,0.0
Chris Chiozza,PG,26,GSW,34,1,10.9,1.1,1.9,0.4,0.0,0.9,2.0
Marquese Chriss,PF,24,DAL,34,0,10.2,3.0,0.5,0.4,0.4,0.5,4.5
Josh Christopher,SG,20,HOU,74,2,18.0,2.5,2.0,0.9,0.2,1.5,7.9
Gary Clark,PF,27,NOP,38,1,9.9,2.4,0.5,0.3,0.2,0.3,2.7
Brandon Clarke,PF,25,MEM,64,1,19.5,5.3,1.3,0.6,1.1,0.5,10.4
Jordan Clarkson,SG,29,UTA,79,1,27.1,3.5,2.5,0.8,0.2,1.6,16.0
Nic Claxton,C,22,BRK,47,19,20.7,5.6,0.9,0.5,1.1,0.8,8.7
Amir Coffey,SG,24,LAC,69,30,22.7,2.9,1.8,0.6,0.2,0.7,9.0
John Collins,PF,24,ATL,54,53,30.8,7.8,1.8,0.6,1.0,1.1,16.2
Zach Collins,C,24,SAS,28,4,17.9,5.5,2.2,0.5,0.8,1.6,7.8
Darren Collison,PG,34,LAL,3,0,12.3,1.3,0.7,0.3,0.0,0.3,1.3
Mike Conley,PG,34,UTA,72,72,28.6,3.0,5.3,1.3,0.3,1.7,13.7
Pat Connaughton,SF,29,MIL,65,19,26.0,4.2,1.3,0.9,0.2,0.5,9.9
Tyler Cook,PF,24,CHI,20,2,10.0,2.7,0.2,0.2,0.2,0.4,3.4
Sharife Cooper,PG,20,ATL,13,0,3.0,0.4,0.4,0.0,0.0,0.4,0.5
Petr Cornelie,PF,26,DEN,13,0,2.9,1.1,0.2,0.1,0.1,0.3,1.1
DeMarcus Cousins,C,31,MIL,17,5,16.9,5.8,1.1,0.9,0.5,0.9,9.1
DeMarcus Cousins,C,31,DEN,31,2,13.9,5.5,1.7,0.6,0.4,2.2,8.9
Robert Covington,PF,31,POR,48,40,29.8,5.7,1.4,1.5,1.3,1.2,7.6
Robert Covington,PF,31,LAC,23,2,22.1,5.1,1.0,1.3,1.2,0.7,10.4
Torrey Craig,SF,31,IND,51,14,20.3,3.8,1.1,0.5,0.4,0.8,6.5
Torrey Craig,SF,31,PHO,27,2,20.8,4.3,1.2,0.8,0.6,1.0,6.9
Jae Crowder,PF,31,PHO,67,67,28.1,5.3,1.9,1.4,0.4,0.8,9.4
Jarrett Culver,SG,22,MEM,37,0,9.1,1.3,0.9,0.5,0.1,0.5,3.5
Jarron Cumberland,SG,24,POR,3,0,4.0,1.0,0.3,0.0,0.0,0.0,0.7
Cade Cunningham,SG,20,DET,64,64,32.6,5.5,5.6,1.2,0.7,3.7,17.4
Seth Curry,SG,31,PHI,45,45,34.8,3.4,4.0,0.8,0.2,1.9,15.0
Seth Curry,SG,31,BRK,19,19,29.9,2.6,2.6,0.9,0.2,1.3,14.9
Stephen Curry,PG,33,GSW,64,64,34.5,5.2,6.3,1.3,0.4,3.2,25.5
Anthony Davis,C,28,LAL,40,40,35.1,9.9,3.1,1.2,2.3,2.1,23.2
Ed Davis,C,32,CLE,31,3,6.5,2.1,0.2,0.1,0.3,0.2,0.9
Terence Davis,SG,24,SAC,30,11,17.9,3.1,1.3,0.8,0.4,1.1,10.4
Gabriel Deck,PF,26,OKC,7,0,8.0,0.9,0.7,0.1,0.0,0.3,2.6
Dewayne Dedmon,C,32,MIA,67,15,15.9,5.8,0.7,0.4,0.6,1.0,6.3
Sam Dekker,PF,27,TOR,1,0,1.0,0.0,0.0,0.0,0.0,0.0,0.0
Javin DeLaurier,C,23,MIL,1,0,3.0,1.0,0.0,1.0,0.0,0.0,0.0
DeMar DeRozan,PF,32,CHI,76,76,36.1,5.2,4.9,0.9,0.3,2.4,27.9
Mamadi Diakite,PF,25,OKC,13,3,14.5,4.5,0.2,0.4,0.7,0.5,4.3
Cheick Diallo,C,25,DET,3,0,10.3,4.0,0.0,0.3,0.0,0.3,3.7
Hamidou Diallo,SG,23,DET,58,29,21.9,4.8,1.3,1.2,0.3,1.0,11.0
Gorgui Dieng,C,32,ATL,44,3,8.4,2.8,0.8,0.3,0.3,0.5,3.5
Spencer Dinwiddie,PG-SG,28,WAS,44,44,30.2,4.7,5.8,0.6,0.2,1.7,12.6
Spencer Dinwiddie,SG,28,DAL,23,7,28.3,3.1,3.9,0.7,0.3,1.3,15.8
Donte DiVincenzo,SG,25,MIL,17,0,20.1,3.5,1.7,0.6,0.2,1.6,7.2
Donte DiVincenzo,SG,25,SAC,25,1,26.6,4.4,3.6,1.5,0.2,1.8,10.3
Luka Dončić,PG,22,DAL,65,65,35.4,9.1,8.7,1.2,0.6,4.5,28.4
Luguentz Dort,SG,22,OKC,51,51,32.6,4.2,1.7,0.9,0.4,1.7,17.2
Ayo Dosunmu,SG,22,CHI,77,40,27.4,2.8,3.3,0.8,0.4,1.4,8.8
Damyean Dotson,SG,27,NYK,2,0,10.5,1.0,0.5,0.0,0.0,0.0,2.0
Devon Dotson,PG,22,CHI,11,0,7.7,0.8,1.4,0.1,0.0,0.5,2.6
Sekou Doumbouya,PF,21,LAL,2,0,8.0,3.0,0.0,1.5,1.0,1.0,7.0
Jeff Dowtin,PG,24,GSW,4,0,7.0,1.8,0.8,0.0,0.3,0.3,1.5
Jeff Dowtin,PG,24,MIL,1,0,3.0,0.0,0.0,0.0,0.0,0.0,0.0
Jeff Dowtin,PG,24,ORL,4,0,19.3,2.8,1.8,1.3,0.0,1.0,3.3
PJ Dozier,SG,25,DEN,18,0,18.9,3.5,1.6,0.6,0.3,0.7,5.4
Goran Dragić,PG,35,TOR,5,2,18.0,2.8,1.8,1.0,0.2,0.2,8.0
Goran Dragić,PG,35,BRK,16,6,25.5,3.2,4.8,0.9,0.2,2.1,7.3
Andre Drummond,C,28,PHI,49,12,18.4,8.8,2.0,1.1,0.9,1.6,6.1
Andre Drummond,C,28,BRK,24,24,22.3,10.3,1.4,0.9,1.0,1.5,11.8
Chris Duarte,SG,24,IND,55,39,28.0,4.1,2.1,1.0,0.2,1.6,13.1
David Duke Jr.,PG,22,BRK,22,7,15.5,3.0,0.8,0.6,0.3,0.4,4.7
Kris Dunn,PG,27,POR,14,3,24.0,3.5,5.6,1.6,0.2,2.3,7.6
Kevin Durant,PF,33,BRK,55,55,37.2,7.4,6.4,0.9,0.9,3.5,29.9
Jaime Echenique,C,24,WAS,1,0,3.0,0.0,0.0,0.0,0.0,0.0,0.0
Anthony Edwards,SG,20,MIN,72,72,34.3,4.8,3.8,1.5,0.6,2.6,21.3
Carsen Edwards,SG,23,DET,4,0,19.8,1.5,3.5,0.5,0.0,1.3,5.8
Kessler Edwards,SF,21,BRK,48,23,20.6,3.6,0.6,0.6,0.5,0.9,5.9
Rob Edwards,SG,25,OKC,2,0,5.5,1.5,0.0,0.0,0.0,0.5,1.5
CJ Elleby,SF,21,POR,58,28,20.2,3.9,1.5,0.6,0.3,1.0,5.8
Wayne Ellington,SG,34,LAL,43,9,18.8,1.8,0.7,0.5,0.1,0.4,6.7
Joel Embiid,C,27,PHI,68,68,33.8,11.7,4.2,1.1,1.5,3.1,30.6
James Ennis III,SF,31,BRK,2,0,7.0,2.5,0.0,0.5,0.5,0.0,2.5
James Ennis III,SF,31,LAC,2,0,14.0,2.5,0.0,0.5,0.5,0.5,10.0
James Ennis III,SF,31,DEN,3,0,4.7,0.7,1.0,0.0,0.0,0.3,1.3
Drew Eubanks,C,24,SAS,49,9,12.1,4.0,1.0,0.3,0.6,0.9,4.7
Drew Eubanks,C,24,POR,22,22,29.5,8.5,1.6,0.8,0.5,1.6,14.5
Tacko Fall,C,26,CLE,11,1,5.4,2.1,0.2,0.0,0.5,0.3,1.1
Derrick Favors,C,30,OKC,39,18,16.7,4.7,0.6,0.4,0.3,0.2,5.3
Bruno Fernando,C,23,BOS,20,0,2.9,0.8,0.2,0.0,0.2,0.3,1.0
Bruno Fernando,C,23,HOU,10,0,9.4,4.0,0.3,0.1,0.8,0.9,6.9
Dorian Finney-Smith,PF,28,DAL,80,80,33.1,4.7,1.9,1.1,0.5,1.0,11.0
Malik Fitts,PF,24,UTA,7,0,5.0,1.4,0.0,0.0,0.0,0.3,0.9
Malik Fitts,PF,24,BOS,8,0,3.5,0.9,0.6,0.0,0.0,0.0,1.9
Malachi Flynn,PG,23,TOR,44,5,12.2,1.4,1.6,0.5,0.1,0.3,4.3
Bryn Forbes,SG,28,SAS,40,1,16.9,1.6,1.0,0.4,0.1,0.8,9.1
Bryn Forbes,SG,28,DEN,35,1,17.4,0.9,1.0,0.2,0.1,0.7,8.6
Aleem Ford,SF,24,ORL,5,0,14.8,3.0,0.4,0.2,0.0,0.8,2.8
Trent Forrest,PG,23,UTA,60,6,12.8,1.7,1.8,0.5,0.1,0.8,3.3
Evan Fournier,SG,29,NYK,80,80,29.5,2.6,2.1,1.0,0.3,1.3,14.1
De'Aaron Fox,PG,24,SAC,59,59,35.3,3.9,5.6,1.2,0.4,2.8,23.2
Melvin Frazier,SG,25,OKC,3,0,40.0,4.3,0.3,0.3,0.0,1.0,10.7
Tim Frazier,PG,31,ORL,10,3,20.0,1.9,3.3,0.3,0.1,1.3,3.7
Tim Frazier,PG,31,CLE,2,0,4.0,0.0,0.5,0.0,0.0,1.0,1.0
Enes Freedom,C,29,BOS,35,1,11.7,4.6,0.2,0.1,0.4,0.6,3.7
Markelle Fultz,PG,23,ORL,18,3,20.0,2.7,5.5,1.1,0.3,2.2,10.8
Wenyen Gabriel,PF,24,BRK,1,0,1.0,1.0,0.0,0.0,0.0,0.0,0.0
Wenyen Gabriel,PF,24,LAC,6,0,7.7,2.3,0.3,0.2,0.3,0.5,2.3
Wenyen Gabriel,PF,24,LAL,19,5,16.4,4.3,0.6,0.2,0.5,0.7,6.7
Daniel Gafford,C,23,WAS,72,53,20.1,5.7,0.9,0.4,1.4,0.9,9.4
Danilo Gallinari,PF,33,ATL,66,18,25.3,4.7,1.5,0.4,0.2,0.6,11.7
Langston Galloway,SG,30,BRK,4,0,14.5,2.0,1.3,0.0,0.0,1.3,3.0
Langston Galloway,SG,30,MIL,3,0,16.3,3.3,2.3,0.3,0.0,0.3,0.7
Darius Garland,PG,22,CLE,68,68,35.7,3.3,8.6,1.3,0.1,3.6,21.7
Marcus Garrett,SG,23,MIA,12,0,10.7,1.9,0.6,0.4,0.3,0.2,1.1
Usman Garuba,PF,19,HOU,24,2,10.0,3.5,0.7,0.4,0.5,0.3,2.0
Luka Garza,C,23,DET,32,5,12.2,3.1,0.6,0.3,0.2,0.6,5.8
Rudy Gay,PF,35,UTA,55,1,18.9,4.4,1.0,0.5,0.3,0.9,8.1
Paul George,PF,31,LAC,31,31,34.7,6.9,5.7,2.2,0.4,4.1,24.3
Taj Gibson,C,36,NYK,52,4,18.2,4.4,0.6,0.4,0.8,0.5,4.4
Josh Giddey,SF,19,OKC,54,54,31.5,7.8,6.4,0.9,0.4,3.2,12.5
Shai Gilgeous-Alexander,PG,23,OKC,56,56,34.7,5.0,5.9,1.3,0.8,2.8,24.5
Anthony Gill,PF,29,WAS,44,0,10.5,1.9,0.6,0.1,0.3,0.4,4.1
Freddie Gillespie,PF,24,ORL,9,2,13.2,4.0,0.6,0.3,1.0,0.6,2.3
Rudy Gobert,C,29,UTA,66,66,32.1,14.7,1.1,0.7,2.1,1.8,15.6
Brandon Goodwin,PG,26,CLE,36,5,13.9,1.9,2.5,0.7,0.0,1.0,4.8
Jordan Goodwin,SG,23,WAS,2,0,3.0,0.5,0.0,0.0,0.0,0.0,0.0
Aaron Gordon,PF,26,DEN,75,75,31.7,5.9,2.5,0.6,0.6,1.8,15.0
Eric Gordon,SG,33,HOU,57,46,29.3,2.0,2.7,0.5,0.3,1.9,13.4
Devonte' Graham,PG,26,NOP,76,63,28.4,2.3,4.2,0.9,0.2,1.4,11.9
Jerami Grant,PF,27,DET,47,47,31.9,4.1,2.4,0.9,1.0,1.8,19.2
Hassani Gravett,PG,25,ORL,8,3,21.4,2.6,2.5,0.6,0.1,1.1,6.3
Danny Green,SF,34,PHI,62,28,21.8,2.5,1.0,1.0,0.6,0.7,5.9
Draymond Green,PF,31,GSW,46,44,28.9,7.3,7.0,1.3,1.1,3.0,7.5
Jalen Green,SG,19,HOU,67,67,31.9,3.4,2.6,0.7,0.3,2.0,17.3
JaMychal Green,PF,31,DEN,67,8,16.2,4.2,0.9,0.6,0.4,0.9,6.4
Javonte Green,SF,28,CHI,65,45,23.4,4.2,0.9,1.0,0.5,0.5,7.2
Jeff Green,PF,35,DEN,75,63,24.7,3.1,1.3,0.4,0.4,0.9,10.3
Josh Green,SG,21,DAL,67,3,15.5,2.4,1.2,0.7,0.2,0.7,4.8
Blake Griffin,C,32,BRK,56,24,17.1,4.1,1.9,0.5,0.3,0.6,6.4
Quentin Grimes,SG,21,NYK,46,6,17.1,2.0,1.0,0.7,0.2,0.6,6.0
Kyle Guy,SG,24,MIA,19,0,9.8,0.9,0.9,0.4,0.1,0.7,3.9
Rui Hachimura,PF,23,WAS,42,13,22.5,3.8,1.1,0.5,0.2,0.8,11.3
Tyrese Haliburton,SG-PG,21,SAC,51,51,34.5,3.9,7.4,1.7,0.7,2.3,14.3
Tyrese Haliburton,PG,21,IND,26,26,36.1,4.3,9.6,1.8,0.6,3.2,17.5
Tyler Hall,SG,24,NYK,1,0,2.0,0.0,0.0,0.0,0.0,0.0,0.0
R.J. Hampton,SG,20,ORL,64,14,21.9,3.0,2.5,0.7,0.2,1.4,7.6
Tim Hardaway Jr.,SG,29,DAL,42,20,29.6,3.7,2.2,0.9,0.1,0.8,14.2
James Harden,PG,32,BRK,44,44,37.0,8.0,10.2,1.3,0.7,4.8,22.5
James Harden,PG,32,PHI,21,21,37.7,7.1,10.5,1.2,0.2,3.4,21.0
Maurice Harkless,SF,28,SAC,47,24,18.4,2.4,0.5,0.6,0.5,0.7,4.6
Jared Harper,PG,24,NOP,5,0,8.6,0.4,2.8,0.8,0.2,0.4,7.4
Montrezl Harrell,C,28,WAS,46,3,24.3,6.7,2.1,0.4,0.7,1.1,14.1
Montrezl Harrell,C,28,CHO,25,0,21.0,4.9,2.0,0.4,0.5,0.9,11.4
Gary Harris,SG,27,ORL,61,30,28.4,2.0,1.8,1.0,0.1,1.0,11.1
Joe Harris,SF,30,BRK,14,14,30.2,4.0,1.0,0.5,0.1,1.1,11.3
Tobias Harris,PF,29,PHI,73,73,34.8,6.8,3.5,0.6,0.6,1.6,17.2
Shaquille Harrison,SG,28,BRK,2,0,11.5,2.0,1.5,0.5,0.5,1.0,2.0
Josh Hart,SG,26,NOP,41,40,33.5,7.8,4.1,1.1,0.3,2.0,13.4
Josh Hart,SG,26,POR,13,13,32.1,5.4,4.3,1.2,0.2,2.5,19.9
Isaiah Hartenstein,C,23,LAC,68,0,17.9,4.9,2.4,0.7,1.1,1.2,8.3
Udonis Haslem,C,41,MIA,13,0,6.4,1.9,0.3,0.1,0.1,0.4,2.5
Sam Hauser,SF,24,BOS,26,0,6.1,1.1,0.4,0.0,0.1,0.1,2.5
Jaxson Hayes,C,21,NOP,70,28,20.0,4.5,0.6,0.5,0.8,0.8,9.3
Killian Hayes,PG,20,DET,66,40,25.0,3.2,4.2,1.2,0.5,1.7,6.9
Gordon Hayward,SF,31,CHO,49,48,31.9,4.6,3.6,1.0,0.4,1.7,15.9
Aaron Henry,SF,22,PHI,6,0,2.8,0.2,0.0,0.0,0.3,0.3,0.3
Juancho Hernangómez,PF,26,BOS,18,0,5.3,1.4,0.2,0.2,0.1,0.3,1.1
Juancho Hernangómez,PF,26,SAS,5,0,10.2,3.0,0.6,0.2,0.2,0.4,1.4
Juancho Hernangómez,PF,26,UTA,17,9,17.5,3.5,0.8,0.5,0.4,0.5,6.2
Willy Hernangómez,C,27,NOP,50,8,16.8,6.8,1.3,0.4,0.4,1.0,9.1
Tyler Herro,SG,22,MIA,66,10,32.6,5.0,4.0,0.7,0.1,2.6,20.7
Buddy Hield,SG,29,SAC,55,6,28.6,4.0,1.9,0.9,0.3,1.6,14.4
Buddy Hield,SG,29,IND,26,26,35.6,5.1,4.8,1.0,0.4,2.4,18.2
Haywood Highsmith,SF,25,MIA,19,1,8.6,1.4,0.3,0.1,0.2,0.2,2.3
George Hill,PG,35,MIL,54,17,23.2,2.9,2.2,0.8,0.1,0.8,6.2
Malcolm Hill,SF-SG,26,ATL,3,0,15.3,2.0,0.3,1.3,0.3,0.0,5.7
Malcolm Hill,SF,26,CHI,16,0,10.4,1.8,0.4,0.2,0.1,0.2,3.4
Solomon Hill,SF,30,ATL,13,1,10.7,1.8,0.9,0.3,0.2,0.1,0.6
Nate Hinton,SG,22,IND,2,0,1.0,0.0,0.0,0.0,0.0,0.5,0.0
Jaylen Hoard,SF,22,OKC,7,5,34.3,12.0,2.4,0.9,0.7,1.1,14.7
Aaron Holiday,PG,25,WAS,41,14,16.2,1.6,1.9,0.6,0.2,1.0,6.1
Aaron Holiday,PG,25,PHO,22,1,16.3,2.5,3.4,0.8,0.0,1.3,6.8
Jrue Holiday,PG,31,MIL,67,64,32.9,4.5,6.8,1.6,0.4,2.7,18.3
Justin Holiday,SF-SG,32,IND,49,40,28.9,2.8,1.8,0.7,0.4,1.0,11.0
Justin Holiday,SG,32,SAC,25,25,25.6,2.2,1.5,0.8,0.6,0.8,8.3
Richaun Holmes,C,28,SAC,45,37,23.9,7.0,1.1,0.4,0.9,1.2,10.4
Rodney Hood,PF-SF,29,MIL,39,0,14.9,1.7,0.8,0.3,0.1,0.2,3.3
Rodney Hood,SF,29,LAC,13,0,9.8,0.8,0.6,0.2,0.2,0.3,2.6
Scotty Hopson,SG,32,OKC,1,0,18.0,1.0,1.0,0.0,0.0,2.0,4.0
Al Horford,C,35,BOS,69,69,29.1,7.7,3.4,0.7,1.3,0.9,10.2
Talen Horton-Tucker,SG,21,LAL,60,19,25.2,3.2,2.7,1.0,0.5,1.4,10.0
Danuel House Jr.,SF,28,HOU,16,1,14.6,2.7,1.2,0.3,0.3,1.1,4.8
Danuel House Jr.,SF,28,NYK,1,0,3.0,0.0,0.0,0.0,0.0,0.0,0.0
Danuel House Jr.,SF,28,UTA,25,6,19.6,2.7,1.0,0.6,0.5,0.6,6.8
Dwight Howard,C,36,LAL,60,27,16.2,5.9,0.6,0.6,0.6,0.8,6.2
Markus Howard,SG,22,DEN,31,0,5.7,0.4,0.2,0.3,0.0,0.2,4.1
Kevin Huerter,SF,23,ATL,74,60,29.6,3.4,2.7,0.7,0.4,1.2,12.1
Jay Huff,C,23,LAL,4,0,5.0,1.0,0.3,0.3,0.3,0.3,0.0
Elijah Hughes,SG-SF,23,UTA,14,1,8.0,1.2,0.4,0.3,0.1,0.5,3.1
Elijah Hughes,SG,23,POR,22,3,14.6,1.9,0.7,0.5,0.3,0.5,3.8
Feron Hunt,SF,22,NYK,2,0,4.0,0.5,0.5,0.5,0.0,0.5,0.0
De'Andre Hunter,SF,24,ATL,53,52,29.8,3.3,1.3,0.7,0.4,1.3,13.4
Chandler Hutchison,SF,25,PHO,6,0,3.7,0.8,0.3,0.0,0.0,0.7,0.7
Bones Hyland,SG,21,DEN,69,4,19.0,2.7,2.8,0.6,0.3,1.2,10.1
Serge Ibaka,C,32,LAC,35,10,15.4,4.3,1.0,0.2,0.7,0.9,6.6
Serge Ibaka,C,32,MIL,19,2,17.8,5.3,0.7,0.2,0.4,0.5,7.0
Andre Iguodala,SF,38,GSW,31,0,19.5,3.2,3.7,0.9,0.7,0.9,4.0
Joe Ingles,SF,34,UTA,45,15,24.9,2.9,3.5,0.5,0.1,1.0,7.2
Brandon Ingram,SF,24,NOP,55,55,34.0,5.8,5.6,0.6,0.5,2.7,22.7
Kyrie Irving,PG,29,BRK,29,29,37.6,4.4,5.8,1.4,0.6,2.5,27.4
Wes Iwundu,SF,27,ATL,3,1,27.3,4.3,0.0,0.3,0.0,0.3,7.3
Frank Jackson,PG,23,DET,53,7,22.0,1.6,1.0,0.5,0.2,0.7,10.6
Isaiah Jackson,PF,20,IND,36,15,15.0,4.1,0.3,0.7,1.4,1.1,8.3
Jaren Jackson Jr.,PF,22,MEM,78,78,27.3,5.8,1.1,0.9,2.3,1.7,16.3
Josh Jackson,SF,24,DET,39,3,18.1,3.2,1.3,0.5,0.5,1.0,7.1
Josh Jackson,SF,24,SAC,12,0,10.3,1.5,0.4,0.4,0.3,0.8,4.3
Justin Jackson,SF,26,BOS,1,0,2.0,0.0,0.0,0.0,0.0,0.0,2.0
Justin Jackson,SF,26,PHO,6,0,5.8,1.2,0.3,0.0,0.0,0.2,2.2
Reggie Jackson,SG,31,LAC,75,75,31.2,3.6,4.8,0.7,0.2,2.3,16.8
LeBron James,PF,37,LAL,56,56,37.2,8.2,6.2,1.3,1.1,3.5,30.3
DeJon Jarreau,SG,24,IND,1,0,1.0,0.0,0.0,0.0,0.0,0.0,0.0
DaQuan Jeffries,SG,24,MEM,3,0,3.0,0.7,0.3,0.0,0.0,0.0,0.7
Ty Jerome,SG,24,OKC,48,4,16.7,1.6,2.3,0.6,0.1,0.8,7.1
Isaiah Joe,SG,22,PHI,55,1,11.1,1.0,0.6,0.3,0.1,0.3,3.6
Alize Johnson,PF,25,CHI,16,0,7.6,2.3,0.5,0.2,0.0,0.5,1.8
Alize Johnson,PF,25,WAS,3,0,6.0,4.0,0.0,0.0,0.0,1.0,1.3
Alize Johnson,PF,25,NOP,4,0,7.0,3.3,0.3,0.5,0.0,0.3,2.3
B.J. Johnson,SF,26,ORL,4,0,16.3,3.8,0.0,0.0,0.3,0.0,6.5
Cameron Johnson,PF,25,PHO,66,16,26.2,4.1,1.5,0.9,0.2,0.7,12.5
David Johnson,SG,20,TOR,2,0,1.0,0.0,0.0,0.0,0.0,0.0,0.0
Jalen Johnson,PF,20,ATL,22,0,5.5,1.2,0.1,0.1,0.1,0.4,2.4
James Johnson,PF,34,BRK,62,10,19.2,3.5,2.1,0.5,0.5,0.8,5.5
Joe Johnson,SG,40,BOS,1,0,2.0,0.0,0.0,0.0,0.0,0.0,2.0
Keldon Johnson,SF,22,SAS,75,74,31.9,6.1,2.1,0.8,0.2,1.2,17.0
Keon Johnson,SG,19,LAC,15,0,9.0,1.4,0.9,0.5,0.1,0.5,3.5
Keon Johnson,SG,19,POR,22,12,25.5,2.7,2.9,1.0,0.5,1.8,9.7
Stanley Johnson,PF,25,LAL,48,27,22.8,3.2,1.7,0.9,0.3,0.7,6.7
Tyler Johnson,PG,29,PHI,3,0,12.7,2.0,0.7,0.3,0.3,0.3,3.7
Tyler Johnson,PG,29,SAS,3,0,17.7,2.0,1.7,0.7,0.7,0.3,2.0
Nikola Jokić,C,26,DEN,74,74,33.5,13.8,7.9,1.5,0.9,3.8,27.1
Carlik Jones,PG,24,DAL,3,0,6.3,1.0,1.7,0.3,0.0,1.0,0.7
Carlik Jones,PG,24,DEN,2,0,2.0,0.0,0.0,0.0,0.0,0.0,1.0
Damian Jones,C,26,SAC,56,15,18.2,4.4,1.2,0.5,0.8,1.1,8.1
Derrick Jones Jr.,PF,24,CHI,51,8,17.6,3.3,0.6,0.5,0.6,0.6,5.6
Herbert Jones,PF,23,NOP,78,69,29.9,3.8,2.1,1.7,0.8,1.3,9.5
Jemerrio Jones,SF,26,LAL,2,0,7.5,1.5,0.0,0.5,0.0,0.0,2.0
Kai Jones,C,21,CHO,21,0,3.0,0.5,0.2,0.0,0.1,0.3,1.0
Mason Jones,SG,23,LAL,4,0,12.8,2.5,1.0,0.5,0.0,0.3,6.8
Tre Jones,PG,22,SAS,69,11,16.6,2.2,3.4,0.6,0.1,0.7,6.0
Tyus Jones,PG,25,MEM,73,23,21.2,2.4,4.4,0.9,0.0,0.6,8.7
DeAndre Jordan,C,33,LAL,32,19,12.8,5.4,0.4,0.3,0.8,0.7,4.1
DeAndre Jordan,C,33,PHI,16,1,13.4,5.8,0.5,0.1,0.6,1.0,4.6
Cory Joseph,PG,30,DET,65,39,24.6,2.7,3.6,0.6,0.3,1.3,8.0
Georgios Kalaitzakis,SF,23,MIL,9,0,5.3,0.9,0.0,0.1,0.1,0.4,1.8
Georgios Kalaitzakis,SF,23,OKC,4,4,41.5,3.3,3.0,2.5,0.3,4.0,17.5
Frank Kaminsky,C,28,PHO,9,0,20.1,4.6,1.4,0.9,0.8,0.6,10.6
Luke Kennard,SG,25,LAC,70,13,27.4,3.3,2.1,0.6,0.1,0.9,11.9
Braxton Key,SF,24,PHI,2,0,3.0,1.0,0.5,0.5,0.0,1.0,1.0
Braxton Key,SF,24,DET,9,0,21.2,5.3,1.1,1.0,1.2,1.0,8.6
George King,SF,28,DAL,4,0,4.8,1.3,0.0,0.0,0.0,0.3,0.3
Louis King,SF,22,SAC,10,0,10.4,1.2,0.9,0.2,0.1,0.0,4.5
Corey Kispert,SF,22,WAS,77,36,23.4,2.7,1.1,0.5,0.3,0.6,8.2
Maxi Kleber,PF,30,DAL,59,21,24.6,5.9,1.2,0.5,1.0,0.8,7.0
Brandon Knight,PG,30,DAL,5,0,13.0,1.6,1.6,0.2,0.0,0.8,6.4
Nathan Knight,PF,24,MIN,37,2,7.2,2.3,0.6,0.2,0.2,0.5,3.7
Kevin Knox,SF,22,NYK,13,0,8.5,1.7,0.2,0.2,0.1,0.4,3.6
Kevin Knox,SF,22,ATL,17,0,6.5,1.3,0.4,0.1,0.1,0.1,2.7
John Konchar,SG,25,MEM,72,7,17.9,4.6,1.5,0.6,0.3,0.4,4.8
Furkan Korkmaz,SG,24,PHI,67,19,21.1,2.6,1.9,0.5,0.1,0.7,7.6
Luke Kornet,C,26,CLE,2,0,7.5,1.5,0.5,0.0,0.5,0.0,2.0
Luke Kornet,C,26,MIL,1,0,3.0,1.0,0.0,0.0,0.0,0.0,0.0
Luke Kornet,C,26,BOS,12,0,7.1,2.1,0.7,0.3,0.2,0.0,2.2
Vit Krejci,SG,21,OKC,30,8,23.0,3.4,1.9,0.6,0.3,1.0,6.2
Arnoldas Kulboka,SF,24,CHO,2,0,2.5,0.0,0.0,0.0,0.0,0.0,0.0
Jonathan Kuminga,SF,19,GSW,70,12,16.9,3.3,0.9,0.4,0.3,1.1,9.3
Kyle Kuzma,PF,26,WAS,66,66,33.4,8.5,3.5,0.6,0.9,2.6,17.1
Anthony Lamb,SF,24,SAS,2,0,4.0,0.5,1.0,0.0,0.0,0.0,0.0
Jeremy Lamb,SF-SG,29,IND,39,0,15.7,2.4,1.3,0.6,0.4,0.6,7.1
Jeremy Lamb,SG,29,SAC,17,0,18.9,3.5,1.8,0.5,0.5,0.8,7.9
Jock Landale,C,26,SAS,54,1,10.9,2.6,0.8,0.2,0.3,0.6,4.9
Romeo Langford,SG,22,BOS,44,5,16.5,2.4,0.4,0.5,0.4,0.4,4.7
Romeo Langford,SG,22,SAS,4,0,10.8,1.0,0.5,0.3,0.0,0.0,2.8
Zach LaVine,SG,26,CHI,67,67,34.7,4.6,4.5,0.6,0.3,2.6,24.4
Jake Layman,SF,27,MIN,34,1,6.8,1.1,0.3,0.2,0.1,0.3,2.4
Damion Lee,SG,29,GSW,63,5,19.9,3.2,1.0,0.6,0.1,0.6,7.4
Saben Lee,PG,22,DET,37,0,16.3,2.4,2.9,1.0,0.3,1.0,5.6
Alex Len,C,28,SAC,39,10,15.9,4.1,1.2,0.3,0.6,1.1,6.0
Caris LeVert,SG,27,IND,39,39,31.1,3.8,4.4,0.9,0.5,1.9,18.7
Caris LeVert,SG,27,CLE,19,10,29.8,3.4,3.9,0.8,0.3,1.7,13.6
Kira Lewis Jr.,PG,20,NOP,24,0,14.2,1.6,2.0,0.5,0.0,1.1,5.9
Scottie Lewis,SG,21,CHO,2,0,3.5,0.0,0.5,0.5,0.0,0.0,0.5
Damian Lillard,PG,31,POR,29,29,36.4,4.1,7.3,0.6,0.4,2.9,24.0
Nassir Little,SF,21,POR,42,23,25.9,5.6,1.3,0.6,0.9,1.0,9.8
Isaiah Livers,SF,23,DET,19,5,20.2,3.0,1.1,0.7,0.4,0.8,6.4
Kevon Looney,C,25,GSW,82,80,21.1,7.3,2.0,0.6,0.6,0.8,6.0
Brook Lopez,C,33,MIL,13,11,22.9,4.1,0.5,0.6,1.2,0.9,12.4
Robin Lopez,C,33,ORL,36,9,17.0,3.5,1.5,0.1,0.5,1.2,7.1
Didi Louzada,SG-SF,22,NOP,2,0,3.5,1.0,0.5,0.0,0.0,0.0,0.0
Didi Louzada,SG,22,POR,7,1,17.4,2.1,0.6,0.3,0.3,0.7,5.0
Kevin Love,C,33,CLE,74,4,22.5,7.2,2.2,0.4,0.2,1.3,13.6
Kyle Lowry,PG,35,MIA,63,63,33.9,4.5,7.5,1.1,0.3,2.7,13.4
Gabriel Lundberg,SG,27,PHO,4,0,11.0,1.8,2.8,0.8,0.0,0.8,3.3
Timothé Luwawu-Cabarrot,SF,26,ATL,52,18,13.2,1.6,0.8,0.3,0.1,0.4,4.4
Trey Lyles,PF,26,DET,51,3,19.4,4.8,1.1,0.4,0.5,1.1,10.4
Trey Lyles,PF,26,SAC,24,20,22.8,5.6,1.3,0.3,0.3,0.8,10.6
Théo Maledon,PG,20,OKC,51,7,17.8,2.6,2.2,0.6,0.2,1.3,7.1
Sandro Mamukelashvili,PF,22,MIL,41,3,9.9,2.0,0.5,0.2,0.2,0.4,3.8
Terance Mann,SF,25,LAC,81,33,28.6,5.2,2.6,0.7,0.3,1.0,10.8
Tre Mann,PG,20,OKC,60,26,22.8,2.9,1.5,0.8,0.2,1.2,10.4
Boban Marjanović,C,33,DAL,23,0,5.6,1.7,0.1,0.0,0.1,0.7,4.3
Lauri Markkanen,SF,24,CLE,61,61,30.8,5.7,1.3,0.7,0.5,0.9,14.8
Naji Marshall,SF,24,NOP,55,4,13.4,2.6,1.1,0.6,0.1,0.8,5.7
Caleb Martin,SF,26,MIA,60,12,22.9,3.8,1.1,1.0,0.5,0.9,9.2
Cody Martin,SF,26,CHO,71,11,26.3,4.0,2.5,1.2,0.5,0.9,7.7
Kelan Martin,SF,26,IND,27,1,16.4,2.0,0.8,0.5,0.3,0.5,6.3
Kelan Martin,SF,26,BOS,3,0,2.0,0.7,0.0,0.0,0.0,0.0,0.0
Kenyon Martin Jr.,SF,21,HOU,79,2,21.0,3.8,1.3,0.4,0.5,0.8,8.8
Garrison Mathews,SG,25,HOU,65,33,26.3,2.9,1.0,0.9,0.4,0.6,10.0
Dakota Mathias,SG,26,MEM,6,0,2.7,0.3,0.2,0.2,0.0,0.0,1.0
Wesley Matthews,SG,35,MIL,49,14,20.4,1.9,0.7,0.5,0.2,0.4,5.1
Tyrese Maxey,PG,21,PHI,75,74,35.3,3.2,4.3,0.7,0.4,1.2,17.5
Skylar Mays,SG,24,ATL,28,5,7.9,0.9,0.6,0.3,0.0,0.4,2.9
Miles McBride,PG,21,NYK,40,2,9.3,1.1,1.0,0.4,0.0,0.1,2.2
Mac McClung,SG-PG,23,CHI,1,0,3.0,0.0,0.0,0.0,0.0,1.0,2.0
Mac McClung,SG,23,LAL,1,0,22.0,3.0,1.0,1.0,1.0,2.0,6.0
CJ McCollum,SG,30,POR,36,36,35.2,4.3,4.5,1.0,0.6,1.9,20.5
CJ McCollum,SG,30,NOP,26,26,33.8,4.5,5.8,1.3,0.0,2.2,24.3
T.J. McConnell,PG,29,IND,27,8,24.1,3.3,4.9,1.1,0.4,1.1,8.5
Jaden McDaniels,PF,21,MIN,70,31,25.8,4.2,1.1,0.7,0.8,1.1,9.2
Jalen McDaniels,SF,24,CHO,55,2,16.3,3.1,1.1,0.5,0.4,0.7,6.2
Doug McDermott,PF,30,SAS,51,51,24.0,2.3,1.3,0.3,0.1,0.8,11.3
JaVale McGee,C,34,PHO,74,17,15.8,6.7,0.6,0.3,1.1,1.3,9.2
Cameron McGriff,SF,24,POR,3,0,15.3,5.0,1.0,0.0,0.3,0.0,4.7
Rodney McGruder,SG,30,DET,51,2,14.8,2.2,0.9,0.4,0.1,0.5,5.4
Alfonzo McKinnie,SF,29,CHI,17,3,12.1,1.9,0.3,0.1,0.2,0.4,3.5
JaQuori McLaughlin,PG,24,DAL,4,0,2.8,0.0,0.5,0.0,0.0,0.0,0.0
Jordan McLaughlin,PG,25,MIN,62,3,14.5,1.5,2.9,0.9,0.2,0.6,3.8
Ben McLemore,SG,28,POR,64,6,20.1,1.6,0.9,0.6,0.2,0.9,10.2
De'Anthony Melton,SG,23,MEM,73,15,22.7,4.5,2.7,1.4,0.5,1.5,10.8
Sam Merrill,SG,25,MEM,6,0,9.7,1.2,0.7,0.0,0.0,0.3,4.2
Chimezie Metu,C,24,SAC,60,20,21.3,5.6,1.0,0.9,0.5,1.0,8.9
Khris Middleton,SF,30,MIL,66,66,32.4,5.4,5.4,1.2,0.3,2.9,20.1
C.J. Miles,SG,34,BOS,1,0,2.0,0.0,0.0,0.0,0.0,0.0,0.0
Patty Mills,SG,33,BRK,81,48,29.0,1.9,2.3,0.6,0.2,0.9,11.4
Paul Millsap,C,36,BRK,24,0,11.3,3.7,1.0,0.2,0.5,0.5,3.4
Paul Millsap,C,36,PHI,9,1,11.8,2.8,0.6,0.6,0.2,0.9,3.7
Shake Milton,SG,25,PHI,55,6,21.4,2.6,2.5,0.5,0.3,0.8,8.2
Davion Mitchell,PG,23,SAC,75,19,27.7,2.2,4.2,0.7,0.3,1.5,11.5
Donovan Mitchell,SG,25,UTA,67,67,33.8,4.2,5.3,1.5,0.2,3.0,25.9
Evan Mobley,PF,20,CLE,69,69,33.8,8.3,2.5,0.8,1.7,1.9,15.0
Malik Monk,SG,23,LAL,76,37,28.1,3.4,2.9,0.8,0.4,1.6,13.8
Greg Monroe,C,31,MIN,4,0,20.3,6.0,4.0,1.0,1.5,1.8,7.3
Greg Monroe,C,31,WAS,2,0,9.0,5.0,0.5,0.5,0.5,1.0,4.0
Greg Monroe,C,31,MIL,5,0,14.0,4.2,0.4,0.6,0.4,0.6,5.4
Greg Monroe,C,31,UTA,3,0,8.7,3.0,1.0,0.0,0.3,0.0,4.0
Moses Moody,SG,19,GSW,52,11,11.7,1.5,0.4,0.1,0.2,0.3,4.4
Xavier Moon,SG,27,LAC,10,0,13.7,1.4,2.4,0.7,0.3,0.6,5.8
Matt Mooney,SG,24,NYK,1,0,2.0,0.0,0.0,1.0,0.0,1.0,0.0
Ja Morant,PG,22,MEM,57,57,33.1,5.7,6.7,1.2,0.4,3.4,27.4
Juwan Morgan,PF,24,TOR,1,0,27.0,4.0,1.0,0.0,0.0,0.0,5.0
Juwan Morgan,PF,24,BOS,1,0,4.0,0.0,0.0,0.0,0.0,0.0,0.0
Jaylen Morris,SG,26,SAS,3,0,5.3,0.7,0.7,0.0,0.0,0.3,0.7
Marcus Morris,PF,32,LAC,54,54,29.0,4.4,2.1,0.5,0.3,1.3,15.4
Markieff Morris,PF,32,MIA,17,1,17.5,2.6,1.4,0.4,0.1,1.2,7.6
Monte Morris,PG,26,DEN,75,74,29.9,3.0,4.4,0.7,0.2,1.0,12.6
Emmanuel Mudiay,PG,25,SAC,2,0,5.5,0.0,2.0,0.5,0.0,0.5,1.5
Mychal Mulder,PG,27,ORL,15,2,13.0,1.4,0.2,0.3,0.1,0.5,3.7
Mychal Mulder,PG,27,MIA,2,1,22.0,1.5,1.0,0.0,0.5,0.0,7.0
Ade Murkey,SG,24,SAC,1,0,1.0,0.0,0.0,0.0,0.0,0.0,0.0
Trey Murphy III,SF,21,NOP,62,1,13.9,2.4,0.6,0.4,0.1,0.3,5.4
Dejounte Murray,PG,25,SAS,68,68,34.8,8.3,9.2,2.0,0.3,2.6,21.1
Mike Muscala,C,30,OKC,43,0,13.8,3.0,0.5,0.4,0.6,0.3,8.0
Svi Mykhailiuk,SF,24,TOR,56,5,12.8,1.6,0.8,0.5,0.1,0.6,4.6
Abdel Nader,SF,28,PHO,14,0,10.4,1.9,0.5,0.6,0.3,0.8,2.4
Larry Nance Jr.,C-PF,29,POR,37,11,23.2,5.6,2.0,1.0,0.4,0.7,6.9
Larry Nance Jr.,PF,29,NOP,9,0,20.2,4.3,0.9,0.6,0.8,1.1,7.3
RJ Nembhard Jr.,SG,22,CLE,14,0,4.5,0.5,0.9,0.1,0.0,0.2,1.1
Aaron Nesmith,SF,22,BOS,52,3,11.0,1.7,0.4,0.4,0.1,0.6,3.8
Raul Neto,PG,29,WAS,70,19,19.6,1.9,3.1,0.8,0.0,1.1,7.5
Malik Newman,PG,24,CLE,1,0,8.0,1.0,1.0,0.0,0.0,1.0,8.0
Georges Niang,PF,28,PHI,76,7,22.8,2.7,1.3,0.4,0.2,0.8,9.2
Daishen Nix,SG,19,HOU,24,0,10.9,1.4,1.7,0.6,0.0,1.1,3.2
Zeke Nnaji,PF,21,DEN,41,1,17.0,3.6,0.4,0.4,0.3,0.6,6.6
Nerlens Noel,C,27,NYK,25,11,22.5,5.6,0.9,1.2,1.2,0.8,3.4
Jaylen Nowell,SG,22,MIN,62,1,15.7,2.0,2.1,0.4,0.2,0.6,8.5
Frank Ntilikina,SG,23,DAL,58,5,11.8,1.4,1.2,0.5,0.1,0.5,4.1
Jusuf Nurkić,C,27,POR,56,56,28.2,11.1,2.8,1.1,0.6,2.6,15.0
David Nwaba,SF,29,HOU,46,4,13.2,3.3,0.8,0.6,0.4,0.5,5.1
Jordan Nwora,SF,23,MIL,62,13,19.1,3.6,1.0,0.4,0.3,0.9,7.9
Royce O'Neale,SF,28,UTA,77,77,31.2,4.8,2.5,1.1,0.4,1.0,7.4
Semi Ojeleye,PF,27,MIL,20,0,15.4,2.9,0.3,0.3,0.3,0.3,2.9
Semi Ojeleye,PF,27,LAC,10,0,9.8,1.6,0.4,0.2,0.1,0.4,4.1
Chuma Okeke,PF,23,ORL,70,20,25.0,5.0,1.7,1.4,0.6,0.8,8.6
Josh Okogie,SG,23,MIN,49,6,10.5,1.4,0.5,0.5,0.2,0.5,2.7
Onyeka Okongwu,C,21,ATL,48,6,20.7,5.9,1.1,0.6,1.3,0.9,8.2
Isaac Okoro,SF,21,CLE,67,61,29.6,3.0,1.8,0.8,0.3,0.9,8.8
KZ Okpala,PF,22,MIA,21,0,11.6,2.0,0.7,0.2,0.3,0.2,3.7
Victor Oladipo,SG,29,MIA,8,1,21.6,2.9,3.5,0.6,0.1,2.0,12.4
Cameron Oliver,SF,25,ATL,2,0,21.5,3.0,1.5,0.5,0.5,0.0,11.5
Kelly Olynyk,C,30,DET,40,1,19.1,4.4,2.8,0.8,0.5,1.5,9.1
Eugene Omoruyi,SF,24,DAL,4,0,4.5,1.8,0.5,0.0,0.0,0.0,1.8
Miye Oni,SG,24,UTA,16,0,2.8,0.4,0.3,0.0,0.0,0.1,0.3
Cedi Osman,SF,26,CLE,66,3,22.2,2.2,2.0,0.8,0.2,1.0,10.7
Daniel Oturu,C,22,TOR,3,0,9.0,1.7,0.0,0.0,0.7,0.0,3.0
Kelly Oubre Jr.,SF,26,CHO,76,13,26.3,4.0,1.1,1.0,0.4,0.9,15.0
Jaysean Paige,PG,27,DET,1,0,7.0,1.0,1.0,0.0,0.0,1.0,0.0
Trayvon Palmer,SG,27,DET,1,0,17.0,2.0,0.0,0.0,0.0,1.0,0.0
Kevin Pangos,PG,29,CLE,24,3,6.9,0.5,1.3,0.1,0.0,0.3,1.6
Jabari Parker,PF,26,BOS,12,0,9.3,2.3,0.5,0.3,0.1,0.7,4.4
Eric Paschall,PF,25,UTA,58,3,12.7,1.8,0.6,0.2,0.1,0.5,5.8
Chris Paul,PG,36,PHO,65,65,32.9,4.4,10.8,1.9,0.3,2.4,14.7
Cameron Payne,PG,27,PHO,58,12,22.0,3.0,4.9,0.7,0.3,1.8,10.8
Elfrid Payton,PG,27,PHO,50,1,11.0,1.8,2.0,0.5,0.1,0.9,3.0
Gary Payton II,SG,29,GSW,71,16,17.6,3.5,0.9,1.4,0.3,0.6,7.1
Norvel Pelle,C,28,UTA,3,0,6.3,2.0,0.0,0.0,0.3,0.7,2.0
Reggie Perry,PF,21,POR,9,1,19.7,5.1,1.3,1.0,0.7,1.2,10.0
Reggie Perry,PF,21,IND,1,0,10.0,1.0,0.0,0.0,0.0,0.0,2.0
Jamorko Pickett,PF,24,DET,13,0,13.5,2.5,0.5,0.0,0.5,0.4,3.8
Theo Pinson,SF,26,DAL,19,0,7.8,1.1,0.9,0.3,0.1,0.3,2.5
Mason Plumlee,C,31,CHO,73,73,24.6,7.7,3.1,0.8,0.7,1.4,6.5
Jakob Poeltl,C,26,SAS,68,67,29.0,9.3,2.8,0.7,1.7,1.6,13.5
Aleksej Pokusevski,PF,20,OKC,61,12,20.2,5.2,2.1,0.6,0.6,1.5,7.6
Yves Pons,SF,22,MEM,12,0,5.9,1.0,0.1,0.1,0.3,0.1,1.1
Jordan Poole,SG,22,GSW,76,51,30.0,3.4,4.0,0.8,0.3,2.5,18.5
Kevin Porter Jr.,PG,21,HOU,61,61,31.3,4.4,6.2,1.1,0.4,3.1,15.6
Michael Porter Jr.,SF,23,DEN,9,9,29.4,6.6,1.9,1.1,0.2,1.3,9.9
Otto Porter Jr.,PF,28,GSW,63,15,22.2,5.7,1.5,1.1,0.5,0.6,8.2
Bobby Portis,C,26,MIL,72,59,28.2,9.1,1.2,0.7,0.7,1.3,14.6
Kristaps Porziņģis,PF,26,DAL,34,34,29.5,7.7,2.0,0.7,1.7,1.6,19.2
Kristaps Porziņģis,PF,26,WAS,17,17,28.2,8.8,2.9,0.7,1.5,1.6,22.1
Micah Potter,C,23,DET,3,0,10.3,3.0,0.0,0.3,0.3,0.3,4.0
Dwight Powell,C,30,DAL,82,71,21.9,4.9,1.2,0.5,0.5,0.8,8.7
Myles Powell,PG,24,PHI,11,0,4.7,0.5,0.3,0.1,0.0,0.3,1.2
Norman Powell,SF-SG,28,POR,40,39,33.3,3.3,2.1,1.0,0.4,1.6,18.7
Norman Powell,SG,28,LAC,5,2,25.0,2.8,2.8,0.4,0.8,1.4,21.4
Joshua Primo,SF,19,SAS,50,16,19.3,2.3,1.6,0.4,0.5,1.1,5.8
Taurean Prince,PF,27,MIN,69,8,17.1,2.5,1.0,0.7,0.3,0.8,7.3
Payton Pritchard,PG,24,BOS,71,2,14.1,1.9,2.0,0.4,0.1,0.6,6.2
Trevelin Queen,SG,24,HOU,10,0,7.4,1.6,0.4,0.5,0.1,0.7,4.3
Neemias Queta,C,22,SAC,15,0,8.0,2.1,0.4,0.1,0.5,0.4,3.0
Immanuel Quickley,PG,22,NYK,78,3,23.1,3.2,3.5,0.7,0.0,1.3,11.3
Jahmi'us Ramsey,SG,20,SAC,19,0,7.1,0.7,0.4,0.1,0.1,0.3,3.2
Julius Randle,PF,27,NYK,72,72,35.3,9.9,5.1,0.7,0.5,3.4,20.1
Austin Reaves,SG,23,LAL,61,19,23.2,3.2,1.8,0.5,0.3,0.7,7.3
Cam Reddish,SF,22,ATL,34,7,23.4,2.5,1.1,1.0,0.3,1.3,11.9
Cam Reddish,SF,22,NYK,15,0,14.3,1.4,0.7,0.8,0.3,0.9,6.1
Davon Reed,SG,26,DEN,48,5,13.9,2.3,1.1,0.5,0.2,0.3,4.4
Paul Reed,C,22,PHI,38,2,7.9,2.4,0.4,0.9,0.4,0.3,3.1
Naz Reid,C,22,MIN,77,6,15.8,3.9,0.9,0.5,0.9,1.1,8.3
Nick Richards,C,24,CHO,50,5,7.3,1.7,0.3,0.2,0.4,0.5,3.0
Josh Richardson,SG,28,BOS,44,0,24.7,2.8,1.5,0.8,0.5,0.9,9.7
Josh Richardson,SG,28,SAS,21,7,24.4,2.9,2.3,1.0,0.3,1.3,11.4
Austin Rivers,SG,29,DEN,67,18,22.1,1.7,1.3,0.8,0.1,0.8,6.0
Duncan Robinson,SG,27,MIA,79,68,25.9,2.6,1.6,0.5,0.2,0.8,10.9
Justin Robinson,PG,24,MIL,17,0,11.6,0.8,1.2,0.5,0.0,0.6,2.8
Justin Robinson,PG,24,SAC,3,0,5.0,0.3,0.7,0.0,0.0,0.3,0.7
Justin Robinson,PG,24,DET,5,0,18.2,1.4,1.8,0.2,0.2,1.0,5.6
Mitchell Robinson,C,23,NYK,72,62,25.7,8.6,0.5,0.8,1.8,0.8,8.5
Jeremiah Robinson-Earl,C,21,OKC,49,36,22.2,5.6,1.0,0.6,0.3,0.8,7.5
Isaiah Roby,PF,23,OKC,45,28,21.1,4.8,1.6,0.8,0.8,1.0,10.1
Rajon Rondo,PG,35,LAL,18,0,16.1,2.7,3.7,0.7,0.3,1.9,3.1
Rajon Rondo,PG,35,CLE,21,1,19.4,2.8,4.9,0.9,0.0,1.6,6.2
Derrick Rose,PG,33,NYK,26,4,24.5,3.0,4.0,0.8,0.5,1.5,12.0
Terrence Ross,SG,30,ORL,63,0,23.0,2.6,1.8,0.4,0.2,1.2,10.0
Terry Rozier,SG,27,CHO,73,73,33.7,4.3,4.5,1.3,0.3,1.3,19.3
Ricky Rubio,PG,31,CLE,34,8,28.5,4.1,6.6,1.4,0.2,2.6,13.1
D'Angelo Russell,PG,25,MIN,65,65,32.0,3.3,7.1,1.0,0.3,2.5,18.1
Matt Ryan,SF,24,BOS,1,0,5.0,0.0,0.0,1.0,0.0,0.0,3.0
Domantas Sabonis,PF-C,25,IND,47,46,34.7,12.1,5.0,1.0,0.5,3.0,18.9
Domantas Sabonis,C,25,SAC,15,15,33.6,12.3,5.8,0.9,0.3,3.5,18.9
Olivier Sarr,C,22,OKC,22,2,19.1,4.2,0.9,0.3,0.7,1.0,7.0
Tomáš Satoranský,SG-PG-SF,30,NOP,32,3,15.0,2.0,2.4,0.4,0.0,0.7,2.8
Tomáš Satoranský,SF,30,SAS,1,0,9.0,1.0,0.0,0.0,0.0,0.0,3.0
Tomáš Satoranský,PG,30,WAS,22,10,18.9,2.8,4.9,0.7,0.2,1.0,4.9
Jordan Schakel,SG,23,WAS,4,0,7.5,2.0,0.0,0.3,0.0,0.3,1.3
Admiral Schofield,SF,24,ORL,38,1,12.3,2.3,0.7,0.1,0.1,0.6,3.8
Dennis Schröder,SG-PG,28,BOS,49,25,29.2,3.3,4.2,0.8,0.1,2.1,14.4
Dennis Schröder,PG,28,HOU,15,4,26.9,3.3,5.9,0.8,0.2,2.6,10.9
Tre Scott,SF,25,CLE,2,0,5.5,1.0,0.0,0.5,0.5,0.0,3.0
Jay Scrubb,SG,21,LAC,18,0,6.7,0.9,0.4,0.2,0.2,0.4,2.7
Wayne Selden,SG,27,NYK,3,0,6.3,0.3,0.3,0.0,0.0,0.0,1.7
Alperen Şengün,C,19,HOU,72,13,20.7,5.5,2.6,0.8,0.9,2.0,9.6
Collin Sexton,SG,23,CLE,11,11,28.7,3.3,2.1,0.9,0.0,2.8,16.0
Landry Shamet,SG,24,PHO,69,14,20.8,1.8,1.6,0.4,0.1,0.6,8.3
Day'Ron Sharpe,PF,20,BRK,32,8,12.2,5.0,0.5,0.3,0.5,0.9,6.2
Pascal Siakam,PF,27,TOR,68,68,37.9,8.5,5.3,1.3,0.6,2.7,22.8
Chris Silva,PF,25,MIN,1,0,3.0,1.0,0.0,0.0,0.0,0.0,0.0
Chris Silva,PF,25,MIA,9,0,9.8,3.9,0.8,0.0,0.1,0.9,2.9
Marko Simonovic,C,22,CHI,9,0,3.9,1.1,0.0,0.1,0.1,0.2,1.9
Anfernee Simons,SG,22,POR,57,30,29.5,2.6,3.9,0.5,0.1,2.0,17.3
Zavier Simpson,PG,24,OKC,4,4,43.5,5.3,7.5,1.3,1.0,2.5,11.0
Jericho Sims,PF,23,NYK,41,5,13.5,4.1,0.5,0.3,0.5,0.5,2.2
Deividas Sirvydis,SG,21,DET,3,0,9.0,2.0,0.3,1.0,0.3,0.0,1.0
Javonte Smart,PG,22,MIL,13,1,12.3,1.5,1.1,0.3,0.2,0.7,2.4
Javonte Smart,PG,22,MIA,4,0,10.0,1.3,0.5,0.5,0.3,0.5,5.0
Marcus Smart,PG,27,BOS,71,71,32.3,3.8,5.9,1.7,0.3,2.2,12.1
Dennis Smith Jr.,PG,24,POR,37,4,17.2,2.4,3.6,1.2,0.3,1.4,5.6
Ish Smith,PG,33,CHO,37,1,13.8,1.5,2.6,0.5,0.3,1.0,4.5
Ish Smith,PG,33,WAS,28,0,22.0,3.0,5.2,1.0,0.5,1.5,8.6
Jalen Smith,PF,21,PHO,29,4,13.2,4.8,0.2,0.2,0.6,0.8,6.0
Jalen Smith,PF,21,IND,22,4,24.7,7.6,0.8,0.4,1.0,0.9,13.4
Xavier Sneed,SF,24,MEM,2,0,4.0,1.0,0.0,0.0,0.0,0.0,0.0
Xavier Sneed,SF,24,UTA,7,0,4.4,0.6,0.1,0.0,0.0,0.0,0.7
Tony Snell,SG,30,POR,38,10,14.4,1.9,0.5,0.2,0.2,0.3,2.6
Tony Snell,SG,30,NOP,15,2,18.5,2.1,0.5,0.5,0.1,0.5,5.9
Jaden Springer,SG,19,PHI,2,0,3.0,1.0,0.0,0.0,1.0,0.5,1.0
Cassius Stanley,SG,22,DET,9,1,17.2,2.1,0.4,0.6,0.2,0.7,5.8
Nik Stauskas,SG,28,MIA,2,0,12.0,1.5,0.5,0.0,0.0,0.0,5.5
Nik Stauskas,SG,28,BOS,6,0,2.5,0.0,0.2,0.0,0.0,0.2,1.2
Lance Stephenson,PG-SG,31,ATL,6,0,11.7,2.5,1.8,0.0,0.0,0.7,1.8
Lance Stephenson,PG,31,IND,40,1,18.6,2.8,3.9,0.6,0.1,1.7,9.3
Lamar Stevens,PF,24,CLE,63,13,16.1,2.6,0.7,0.5,0.3,0.7,6.1
Isaiah Stewart,C,20,DET,71,71,25.6,8.7,1.2,0.3,1.1,1.2,8.3
Max Strus,SF,25,MIA,68,16,23.3,3.0,1.4,0.4,0.2,0.8,10.6
Jalen Suggs,PG,20,ORL,48,45,27.2,3.6,4.4,1.2,0.4,3.0,11.8
Craig Sword,SG,28,WAS,3,0,6.3,0.0,0.3,1.3,0.0,0.3,2.0
Keifer Sykes,PG,28,IND,32,11,17.7,1.4,1.9,0.4,0.1,1.0,5.6
Jae'Sean Tate,PF,26,HOU,78,77,26.4,5.4,2.8,0.9,0.5,1.8,11.8
Jayson Tatum,SF,23,BOS,76,76,35.9,8.0,4.4,1.0,0.6,2.9,26.9
Terry Taylor,SG,22,IND,33,7,21.6,5.2,1.2,0.4,0.2,0.7,9.6
Garrett Temple,SG,35,NOP,59,16,18.6,2.4,1.3,0.7,0.4,0.7,5.2
Emanuel Terry,PF,25,PHO,3,0,6.0,5.0,0.7,0.3,0.0,1.7,0.0
Tyrell Terry,PG,21,MEM,2,0,1.5,0.0,0.0,0.0,0.0,0.0,1.0
Jon Teske,C,24,MEM,3,0,2.7,0.7,0.3,0.3,0.0,0.0,0.0
Daniel Theis,C,29,HOU,26,21,22.5,5.0,0.8,0.4,0.7,1.2,8.4
Daniel Theis,C,29,BOS,21,6,18.7,4.7,1.0,0.4,0.7,0.7,7.9
Brodric Thomas,SG,25,BOS,12,0,5.0,0.8,0.9,0.1,0.1,0.5,1.8
Cam Thomas,SG,20,BRK,67,2,17.6,2.4,1.2,0.5,0.1,0.8,8.5
Isaiah Thomas,PG,32,LAL,4,1,25.3,2.0,1.5,0.0,0.5,1.3,9.3
Isaiah Thomas,PG,32,DAL,1,0,13.0,0.0,4.0,0.0,0.0,0.0,6.0
Isaiah Thomas,PG,32,CHO,17,0,12.9,1.2,1.4,0.4,0.2,0.6,8.3
Matt Thomas,SG,27,CHI,40,0,11.5,1.3,0.5,0.2,0.1,0.2,4.0
Klay Thompson,SG,31,GSW,32,32,29.4,3.9,2.8,0.5,0.5,1.3,20.4
Tristan Thompson,PF,30,SAC,30,3,15.2,5.4,0.6,0.4,0.4,1.0,6.2
Tristan Thompson,PF,30,IND,4,0,16.5,4.5,0.5,0.0,0.5,1.0,7.3
Tristan Thompson,PF,30,CHI,23,3,16.3,4.7,0.6,0.5,0.3,0.5,5.7
JT Thor,PF,19,CHO,33,0,7.9,1.3,0.6,0.2,0.3,0.3,2.0
Matisse Thybulle,SG,24,PHI,66,50,25.5,2.3,1.1,1.7,1.1,0.6,5.7
Killian Tillie,C,23,MEM,36,3,12.8,1.7,0.6,0.6,0.4,0.4,3.3
Xavier Tillman Sr.,PF,23,MEM,53,2,13.2,3.0,1.2,0.9,0.3,0.6,4.8
Isaiah Todd,PF,20,WAS,12,0,6.2,1.0,0.3,0.3,0.2,0.3,1.7
Obi Toppin,PF,23,NYK,72,10,17.1,3.7,1.1,0.3,0.5,0.8,9.0
Juan Toscano-Anderson,SF,28,GSW,73,6,13.6,2.4,1.7,0.7,0.2,0.9,4.1
Karl-Anthony Towns,C,26,MIN,74,74,33.5,9.8,3.6,1.0,1.1,3.1,24.6
Gary Trent Jr.,SG,23,TOR,70,69,35.0,2.7,2.0,1.7,0.3,1.0,18.3
P.J. Tucker,PF,36,MIA,71,70,27.9,5.5,2.1,0.8,0.2,0.9,7.6
Rayjon Tucker,SG,24,DEN,3,0,9.7,1.3,1.3,0.3,0.0,0.0,2.0
Rayjon Tucker,SG,24,MIL,2,0,21.0,2.0,3.0,1.5,0.0,0.5,7.5
Myles Turner,C,25,IND,42,42,29.4,7.1,1.0,0.7,2.8,1.3,12.9
Jonas Valančiūnas,C,29,NOP,74,74,30.3,11.4,2.6,0.6,0.8,2.4,17.8
Denzel Valentine,SG,28,CLE,22,0,9.3,1.7,0.5,0.3,0.0,0.5,2.9
Denzel Valentine,SG,28,UTA,2,0,9.0,2.0,0.0,0.5,0.0,1.0,2.5
Jarred Vanderbilt,PF,22,MIN,74,67,25.4,8.4,1.3,1.3,0.6,1.0,6.9
Fred VanVleet,PG,27,TOR,65,65,37.9,4.4,6.7,1.7,0.5,2.6,20.3
Devin Vassell,SF,21,SAS,71,32,27.3,4.3,1.9,1.1,0.6,0.8,12.3
Gabe Vincent,PG,25,MIA,68,27,23.4,1.9,3.1,0.9,0.2,1.4,8.7
Nikola Vučević,C,31,CHI,73,73,33.1,11.0,3.2,1.0,1.0,1.9,17.6
Dean Wade,PF,25,CLE,51,28,19.2,2.9,1.0,0.6,0.1,0.3,5.3
Franz Wagner,SF,20,ORL,79,79,30.7,4.5,2.9,0.9,0.4,1.5,15.2
Moritz Wagner,C,24,ORL,63,3,15.2,3.7,1.4,0.3,0.2,0.9,9.0
Ish Wainright,PF,27,PHO,45,0,8.0,1.2,0.3,0.4,0.1,0.3,2.4
Kemba Walker,PG,31,NYK,37,37,25.6,3.0,3.5,0.7,0.2,1.3,11.6
Lonnie Walker IV,SG,23,SAS,70,6,23.0,2.6,2.2,0.6,0.3,1.0,12.1
M.J. Walker,SG,23,PHO,2,0,4.0,0.5,0.5,1.0,0.0,0.0,0.0
Tyrone Wallace,SG,27,NOP,6,0,12.5,1.3,0.2,0.5,0.2,0.3,2.8
Derrick Walton,PG,26,DET,3,3,36.0,3.3,7.0,2.3,1.3,3.7,6.3
Brad Wanamaker,PG,32,IND,22,1,13.3,1.6,2.2,0.2,0.3,1.0,3.5
Brad Wanamaker,PG,32,WAS,1,1,27.0,4.0,7.0,2.0,0.0,0.0,7.0
Duane Washington Jr.,PG,21,IND,48,7,20.2,1.7,1.8,0.5,0.1,1.2,9.9
P.J. Washington,C,23,CHO,65,28,27.2,5.2,2.3,0.9,0.9,1.3,10.3
Yuta Watanabe,SF,27,TOR,38,4,11.7,2.4,0.6,0.3,0.4,0.5,4.3
Lindy Waters III,SG,24,OKC,25,1,18.6,2.9,1.0,0.8,0.3,0.4,8.0
Tremont Waters,PG,24,TOR,2,0,21.0,2.0,3.5,2.0,0.0,2.0,4.0
Tremont Waters,PG,24,WAS,1,0,8.0,0.0,0.0,1.0,0.0,0.0,2.0
Trendon Watford,SF,21,POR,48,10,18.1,4.1,1.7,0.5,0.6,0.9,7.6
Paul Watson,SF,27,OKC,9,3,17.3,3.0,0.9,0.3,0.3,0.4,3.4
Quinndary Weatherspoon,SG,25,GSW,11,0,6.6,1.3,0.5,0.1,0.1,0.3,2.7
Russell Westbrook,PG,33,LAL,78,78,34.3,7.4,7.1,1.0,0.3,3.8,18.5
Coby White,PG,21,CHI,61,17,27.5,3.0,2.9,0.5,0.2,1.1,12.7
Derrick White,SG,27,SAS,49,48,30.3,3.5,5.6,1.0,0.9,1.8,14.4
Derrick White,SG,27,BOS,26,4,27.4,3.4,3.5,0.6,0.6,1.2,11.0
Hassan Whiteside,C,32,UTA,65,8,17.9,7.6,0.4,0.3,1.6,0.8,8.2
Joe Wieskamp,SG,22,SAS,29,0,7.1,0.5,0.3,0.1,0.1,0.1,2.1
Aaron Wiggins,SG,23,OKC,50,35,24.2,3.6,1.4,0.6,0.2,1.1,8.3
Andrew Wiggins,SF,26,GSW,73,73,31.9,4.5,2.2,1.0,0.7,1.5,17.2
Lindell Wigginton,PG,23,MIL,19,0,10.5,1.3,1.2,0.3,0.1,0.6,4.2
Brandon Williams,PG,22,POR,24,16,26.7,3.1,3.9,1.0,0.4,2.4,12.9
Grant Williams,PF,23,BOS,77,21,24.4,3.6,1.0,0.5,0.7,0.8,7.8
Kenrich Williams,SF,27,OKC,49,0,21.9,4.5,2.2,0.9,0.2,0.9,7.4
Lou Williams,PG,35,ATL,56,0,14.3,1.6,1.9,0.5,0.1,0.8,6.3
Patrick Williams,PF,20,CHI,17,9,24.8,4.1,0.9,0.5,0.5,0.9,9.0
Robert Williams,C,24,BOS,61,61,29.6,9.6,2.0,0.9,2.2,1.0,10.0
Ziaire Williams,SF,20,MEM,62,31,21.7,2.1,1.0,0.6,0.2,0.7,8.1
D.J. Wilson,PF,25,TOR,4,1,13.5,4.0,1.3,1.3,0.3,0.5,7.5
Dylan Windler,SF,25,CLE,50,0,9.2,1.8,0.7,0.3,0.1,0.3,2.2
Justise Winslow,PF,25,LAC,37,1,12.9,3.6,1.4,0.6,0.5,1.0,4.2
Justise Winslow,PF,25,POR,11,10,26.8,6.3,2.9,1.3,0.6,1.1,10.7
Cassius Winston,PG,23,WAS,7,0,5.6,0.1,1.0,0.0,0.0,0.4,2.0
Christian Wood,C,26,HOU,68,67,30.8,10.1,2.3,0.8,1.0,1.9,17.9
Robert Woodard II,SF,22,SAC,12,0,3.5,0.9,0.3,0.1,0.1,0.1,0.6
Delon Wright,SG,29,ATL,77,8,18.9,2.9,2.4,1.2,0.2,0.6,4.4
McKinley Wright IV,PG,23,MIN,5,0,3.8,0.0,0.6,0.0,0.0,0.2,1.0
Moses Wright,PF,23,LAC,1,0,1.0,0.0,1.0,0.0,0.0,0.0,0.0
Moses Wright,PF,23,DAL,3,0,4.3,1.0,0.3,0.0,0.3,0.0,1.7
Gabe York,SG,28,IND,2,0,10.5,1.0,2.0,1.0,0.5,0.5,4.0
Thaddeus Young,PF,33,SAS,26,1,14.2,3.6,2.3,0.9,0.3,1.2,6.1
Thaddeus Young,PF,33,TOR,26,0,18.3,4.4,1.7,1.2,0.4,0.8,6.3
Trae Young,PG,23,ATL,76,76,34.9,3.7,9.7,0.9,0.1,4.0,28.4
Omer Yurtseven,C,23,MIA,56,12,12.6,5.3,0.9,0.3,0.4,0.7,5.3
Cody Zeller,C,29,POR,27,0,13.1,4.6,0.8,0.3,0.2,0.7,5.2
Ivica Zubac,C,24,LAC,76,76,24.4,8.5,1.6,0.5,1.0,1.5,10.3
